DMID  PAIR_NAME  RA_+_DEC        z         zerr           NII6583        unc       Halpha         unc         Hbeta          unc       OIII5007        unc          Z
I001  dm0827+46  082718.00+460157.3  0.0073557  0.0000053      114.398        2.317     2406.709       16.281      770.382        7.811     2580.326       18.310        8.037
I002  dm0827+46  082718.06+460203.0  0.0071729  0.0000034      216.256        2.102     3796.802       22.074     1205.496        7.789     4173.187       25.013        8.248
I003  dm1031+41  103118.23+410232.4  0.0087557  0.0000064       12.212        0.979      132.978        2.073       39.576        1.781       87.741        2.302        8.253
I004  dm1031+41  103118.37+410226.4  0.0086105  0.0000061       42.858        1.514      554.554        6.406      167.701        3.319      368.017        4.960        8.072
I005  dm1134+44  113453.68+440016.4  0.0185518  0.0000057      118.878        2.579     2078.991       18.259      662.108        8.523     2269.883       21.760        8.192
I006  dm1134+44  113452.95+440017.4  0.0185068  0.0000052      304.244        4.015     7601.226       56.111     2217.250       19.290    11013.949       81.486        8.496
I007  dm1647+21  164710.96+210542.8  0.0088339  0.0000133        1.326        1.241       56.198        1.938       18.866        2.225       10.179        2.202      -99.900
I008  dm1647+21  164710.66+210514.5  0.0090994  0.0000047       35.651        1.707     4089.400       29.274     1341.173       12.693     6589.324       47.532        7.848
I009  dm1152+07  115230.67+070702.5  0.0317067  0.0000175        6.323        1.610       66.548        2.523       20.570        2.519       27.703        2.761      -99.900
I010  dm1152+07  115230.06+070704.0  0.0315086  0.0000056      107.752        2.048     1625.038       12.496      504.907        6.145     1676.635       14.513        8.295
I011  dm1529+26  152929.03+260027.0  0.0067325  0.0000043       70.641        1.933     1768.200       15.516      596.084        7.431     2424.479       19.268        8.095
I012  dm1529+26  152924.67+255947.8  0.0067694  0.0000056       10.527        1.541      214.404        3.271       64.482        2.595      101.476        3.100        7.917
I013  dm1422+22  142257.72+225441.4  0.0000000  0.0000000        0.000        0.000        0.000        0.000        0.000        0.000        0.000        0.000        0.000
I014  dm1422+22  142257.02+225437.0  0.0323311  0.0000070       12.691        1.174      116.675        2.032       38.043        1.987       63.879        2.323        8.331
I015  dm0035-10  003548.31-104724.1  0.0372595  0.0000056       93.154        1.903      481.777        4.238      148.685        2.971      168.239        2.992        8.663
I016  dm0035-10  003548.28-104740.1  0.0376929  0.0000071       22.559        1.816      166.125        2.876       67.738        2.563      108.590        3.116        8.419
I017  dm1059+47  105906.56+472746.8  0.0333150  0.0000080       21.146        1.264      114.746        2.121       36.735        1.827       46.897        2.008        8.627
I018  dm1059+47  105904.73+472748.4  0.0336761  0.0000064       86.078        1.946      421.362        4.529      125.797        2.960      154.795        3.371        8.700
I019  dm1036+10  103656.24+104014.9  0.0272628  0.0000070       12.879        1.408      299.075        3.923       90.391        2.957      162.786        3.839        7.920
I020  dm1036+10  103654.72+104007.7  0.0273252  0.0000063       18.968        1.088      332.255        3.809      104.926        2.670      267.975        4.378        8.131
I021  dm1107+00  110749.18+005520.6  0.0612977  0.0000056      152.882        2.720     1253.882       11.166      366.372        5.152      727.817        7.875        8.592
I022  dm1107+00  110748.61+005527.4  0.0612264  0.0000066       94.499        2.269      492.015        5.118      153.143        3.355      140.878        3.421        8.642
I023  dm1337+18  133714.38+181401.5  0.0649615  0.0000060       72.802        2.065      518.643        5.510      154.971        3.158      336.626        4.976        8.613
I024  dm1337+18  133713.66+181359.7  0.0651562  0.0000071       56.739        1.659      509.985        5.599      149.625        3.251      355.621        5.142        8.605
I025  dm0844+20  084435.42+200011.1  0.0267345  0.0000118       41.607        1.759      117.478        2.469       39.712        2.171       18.034        1.961        8.867
I026  dm0844+20  084433.80+200021.7  0.0264869  0.0000053       20.875        1.193      179.715        2.532       50.219        2.121      132.903        2.859        8.425
I027  dm1225+50  122536.38+502013.0  0.0082558  0.0000156      196.437        4.941      497.383        7.051      143.449        4.164       35.120        3.559        9.047
I028  dm1225+50  122528.38+501943.8  0.0083562  0.0000064      166.703        3.606     1412.855       15.340      450.286        6.758      996.641       11.054        8.624
I029  dm0953+49  095358.51+493759.2  0.0541818  0.0000053      160.758        2.711     1014.844        9.209      271.409        4.206      537.752        6.690        8.652
I030  dm0953+49  095357.15+493754.5  0.0539496  0.0000101       58.506        2.004      170.969        3.130       49.171        2.276       17.572        2.144        9.001
I031  dm0801+14  080133.92+141334.2  0.0538358  0.0000060       64.890        1.454      347.693        3.170       99.198        2.349      117.203        2.648        8.709
I032  dm0801+14  080133.08+141341.5  0.0528761  0.0000074       85.529        1.962      352.579        4.273       88.609        2.364       95.323        2.502        8.754
I033  dm1526+41  152611.89+415647.5  0.0531901  0.0000063       26.313        1.143      166.910        2.380       47.398        1.839       70.468        2.117        8.610
I034  dm1526+41  152611.46+415634.0  0.0530183  0.0000072      368.355        4.240      891.147        8.150      214.422        3.855       74.440        3.003        9.061
I035  dm1242+34  124244.32+340614.6  0.0140247  0.0000054       19.939        1.348      193.174        2.580       63.211        2.408      140.863        3.175        8.341
I036  dm1242+34  124241.58+340531.9  0.0141619  0.0000046      167.691        3.652   341398.844   202185.312      547.227        7.565     1501.212       16.806      -99.900
I037  dm1132+14  113233.21+141202.9  0.0177017  0.0000067      213.845        3.672     3201.401       25.664      864.788        9.755     3424.812       28.396        8.591
I038  dm1132+14  113234.89+141121.2  0.0176374  0.0000081      271.258        2.901     8083.689       56.972     2453.562       33.732    12953.061       99.633        8.453
I039  dm0916+06  091614.81+062028.7  0.0117459  0.0000071        5.786        1.206       89.330        2.247       31.741        2.179      112.408        3.192      -99.900
I040  dm0916+06  091610.98+061945.8  0.0123152  0.0000097       19.684        1.672      121.839        2.499       37.097        2.426       53.869        2.787        8.494
I041  dm0850+45  084959.86+451839.9  0.0704691  0.0000059      111.262        1.682      525.815        3.996      139.772        2.566      170.354        2.983        8.769
I042  dm0850+45  085000.31+451826.2  0.0706530  0.0000050       39.170        1.571      366.245        4.202      120.755        2.686      301.282        4.478        8.600
I043  dm1220+20  122039.01+203938.7  0.0212554  0.0000058       39.261        1.796      301.300        4.059       97.240        2.953      183.959        3.862        8.435
I044  dm1220+20  122037.91+204021.2  0.0210802  0.0000054       57.713        1.457      556.033        5.606      177.907        2.963      442.182        5.978        8.481
I045  dm1142+52  114301.05+522755.2  0.0298370  0.0000158        4.474        0.955       32.608        1.444       10.210        1.538       10.519        1.592      -99.900
I046  dm1142+52  114257.39+522756.0  0.0295455  0.0000055      329.911        4.471     1206.640       10.735      319.622        5.152      367.563        5.843        8.839
I047  dm0901+12  090133.86+123931.8  0.0197738  0.0000065      117.053        2.200     1036.350        8.594      304.324        4.189      605.396        6.493        8.554
I048  dm0901+12  090130.45+123943.7  0.0193220  0.0000067      109.614        2.337      502.347        5.272      137.329        3.151      108.043        3.015        8.753
I049  dm0930+60  093009.04+602805.3  0.0135472  0.0000036       68.524        2.029      934.992        9.127      289.588        4.776      751.131        8.424        8.177
I050  dm0930+60  093006.43+602653.3  0.0136588  0.0000062      226.637        3.328     8243.831       67.761     2778.549       25.015    13628.761      107.873        8.072
I051  dm1237+18  123745.89+181750.2  0.0085173  0.0000051       20.096        1.217      647.471        5.570      223.563        3.495      555.681        5.513        7.919
I052  dm1237+18  123743.70+181556.0  0.0084906  0.0000083        7.735        1.006       87.053        1.793       32.443        1.764       26.805        1.792        8.195
I053  dm1403+41  140313.75+413634.2  0.0352923  0.0000054       62.768        2.480      782.785        8.559      228.714        4.821      534.981        8.036        8.211
I054  dm1403+41  140312.96+413702.4  0.0354220  0.0000064       26.732        1.681      260.670        3.841       89.144        3.364      174.765        4.317        8.313
I055  dm1007+55  100725.96+553018.1  0.0325443  0.0000076      223.281        3.008     1059.499        8.591      284.285        3.862      370.335        4.790        8.723
I056  dm1007+55  100721.95+553009.5  0.0327019  0.0000057       27.007        1.710      250.906        3.215       84.940        2.687      135.234        3.322        8.272
I057  dm0820+03  082058.49+034522.5  0.0517816  0.0000055      115.810        2.587      458.815        4.967      113.367        3.144       86.312        3.040        8.841
I058  dm0820+03  082057.60+034503.4  0.0517262  0.0000072      161.103        2.688     1983.249       14.984      509.079        6.342     1779.084       14.968        8.589
I059  dm1338+22  133856.52+224350.7  0.0163047  0.0000042       43.688        1.402      853.783        7.277      300.689        4.030      874.218       10.116        8.109
I060  dm1338+22  133853.96+224454.5  0.0163443  0.0000051       10.287        0.968      153.512        2.087       53.070        1.842      101.456        2.379        8.148
I061  dm1319+55  131944.22+554631.4  0.0759039  0.0000062      585.982        5.970     1655.921       16.295      409.171        6.055      354.924        6.058        8.960
I062  dm1319+55  131943.36+554647.8  0.0758627  0.0000057       89.935        2.156      745.289       10.446      224.579        4.421      513.234        7.224        8.621
I063  dm1418+21  141854.90+210017.3  0.0086462  0.0000205        2.344        1.124       30.802        1.652        7.270        1.916        7.352        1.879      -99.900
I064  dm1418+21  141851.12+210239.7  0.0085465  0.0000042       46.961        1.565     6710.107       44.704     2213.645       15.801    10084.731       76.286        7.693
I065  dm1718+30  171853.44+301136.2  0.0148327  0.0000070     2286.822       16.936    15521.917      105.145     4047.046       33.491    12292.147       90.721        8.927
I066  dm1718+30  171849.22+301013.4  0.0147682  0.0000048       94.545        2.268      682.554        7.174      220.634        4.082      432.710        5.997        8.609
I067  dm0909+06  090917.28+065133.8  0.0467696  0.0000063      162.698        3.401      490.870        6.128      148.374        3.970       96.970        3.684        8.909
I068  dm0909+06  090915.51+065113.6  0.0460323  0.0000050      305.788        4.778     1476.250       12.996      385.538        6.396      657.083        8.807        8.773
I069  dm1520+01  152027.90+013857.8  0.0258165  0.0000044       76.992        2.081      878.964        8.044      261.039        4.600      643.137        7.627        8.291
I070  dm1520+01  152026.71+013801.1  0.0255983  0.0000070      236.219        4.556     1111.896       10.579      352.561        6.182      414.701        7.322        8.728
I071  dm2227-09  222741.55-094336.8  0.0054816  0.0000083        5.910        0.984       68.001        1.545       17.418        1.359       12.754        1.384      -99.900
I072  dm2227-09  222730.70-093953.9  0.0056638  0.0000045       39.719        1.255     1186.271        9.624      374.015        4.732     1495.216       14.992        8.040
I073  dm0744+21  074423.80+210032.7  0.0287696  0.0000070       72.180        2.158      441.216        4.931      124.850        3.425      170.611        4.035        8.699
I074  dm0744+21  074421.65+205943.0  0.0285099  0.0000067      308.671        5.391     1353.517       13.772      366.226        6.508      374.008        7.336        8.818
I075  dm1616+34  161622.68+345405.2  0.0089338  0.0000052        8.411        1.193      208.841        2.988       66.436        2.236       83.731        2.552        7.914
I076  dm1616+34  161621.88+345706.1  0.0089909  0.0000056        7.918        1.163      212.545        2.975       75.264        2.511      189.274        3.454        8.028
I077  dm1523+36  152301.17+360758.1  0.0233965  0.0000053       23.687        1.325      266.212        3.071       86.890        2.467      196.848        3.382        8.245
I078  dm1523+36  152300.83+360645.9  0.0233653  0.0000045       60.074        1.671      769.711        6.376      260.646        3.791      730.982        7.040        8.233
I079  dm1231+06  123139.20+064122.3  0.0305659  0.0000051       17.417        1.211      271.738        3.221       66.619        2.469      235.158        3.990        8.274
I080  dm1231+06  123135.66+064152.3  0.0304571  0.0000051       22.998        1.331      309.876        3.687       95.878        2.820      262.523        4.357        8.254
I081  dm2358+14  235848.16+144429.9  0.0273588  0.0000054       60.706        1.709      776.910        6.801      244.421        3.792      575.419        6.595        8.167
I082  dm2358+14  235845.35+144525.7  0.0272920  0.0000063       91.724        1.686     1254.538       10.630      395.574        4.722     1331.438       11.247        8.436
I083  dm1526+24  152605.23+241418.0  0.0529767  0.0000070       72.183        1.979      311.860        3.954       92.714        2.793       93.282        3.028        8.800
I084  dm1526+24  152604.71+241456.4  0.0529971  0.0000101       17.654        1.421       93.935        2.465       26.113        2.218       45.287        2.540        8.564
I085  dm1202+33  120202.83+333712.9  0.0242166  0.0000070       82.541        1.515      382.957        3.201      124.915        2.436      118.139        2.335        8.733
I086  dm1202+33  120157.99+333812.4  0.0237374  0.0000086      169.943        3.252      514.080        6.197      131.952        3.566       51.272        2.913        8.954
I087  dm1623+15  162316.37+154711.4  0.0342862  0.0000050       27.019        1.234      215.535        2.680       63.234        2.199      115.696        2.806        8.404
I088  dm1623+15  162316.57+154811.9  0.0334612  0.0000065       54.072        1.293      709.728        5.942      194.051        3.203      635.140        6.129        8.230
I089  dm1357+54  135725.17+541208.2  0.0255124  0.0000048      128.639        2.672      800.382        7.324      248.108        4.469      470.377        6.334        8.589
I090  dm1357+54  135716.59+541235.6  0.0256284  0.0000055       31.024        1.536      328.404        4.152      123.160        3.229      293.666        4.724        8.334
I091  dm1620+25  162026.82+255348.8  0.0641238  0.0000071      274.087        3.311     1333.393       10.221      358.401        4.616      518.199        5.837        8.719
I092  dm1620+25  162026.01+255420.7  0.0642673  0.0000061       57.505        1.508      354.779        3.616      105.212        2.183      217.432        3.230        8.607
I093  dm1048+32  104806.20+324055.3  0.0445615  0.0000056       56.098        2.000      635.990        6.171      207.783        3.744      571.402        7.182        8.374
I094  dm1048+32  104804.32+324138.5  0.0443568  0.0000110       15.268        1.561       78.828        2.120       25.992        2.173       23.324        2.389        8.493
I095  dm1106+01  110630.86+014140.6  0.0306993  0.0000072       87.245        2.230      344.610        4.377       94.357        2.910       78.949        2.856        8.800
I096  dm1106+01  110629.59+014033.1  0.0311747  0.0000049       95.928        2.487     1095.523       11.174      348.359        5.605      912.181        9.781        8.362
I097  dm0027+00  002726.50+000857.1  0.0306675  0.0000106        8.582        1.005       55.629        1.570       17.055        1.785       21.451        1.849        8.444
I098  dm0027+00  002721.87+000837.4  0.0311196  0.0000078      300.346        4.136      912.832        8.955      239.891        4.549      164.371        4.179        8.932
I099  dm1246+32  124625.44+321054.7  0.0229385  0.0000046       49.277        1.847      712.622        6.885      242.217        3.993      768.759        8.518        8.228
I100  dm1246+32  124618.03+321115.2  0.0228414  0.0000062       23.665        1.246      201.694        2.666       68.509        2.013      148.255        2.914        8.404
I101  dm1440+14  144033.79+142832.1  0.0180854  0.0000060        8.775        1.054      120.374        2.112       46.882        1.983      126.001        2.885        8.295
I102  dm1440+14  144026.37+142735.0  0.0181114  0.0000083       33.330        1.479      191.638        2.675       56.401        2.180       72.623        2.448        8.617
I103  dm1049+09  105001.37+090418.5  0.0335683  0.0000053      119.594        2.214      827.565        7.777      249.262        3.979      497.545        6.055        8.607
I104  dm1049+09  104957.00+090359.5  0.0334812  0.0000078      240.786        3.313      986.290        9.332      294.589        4.592      360.312        5.351        8.782
I105  dm1235+57  123523.82+572516.8  0.0376129  0.0000117       12.343        3.388       61.155        1.853       21.326        1.964       23.410        2.132      -99.900
I106  dm1235+57  123516.26+572526.3  0.0376431  0.0000045       87.676        2.434      548.420        5.542      158.358        3.551      288.020        4.958        8.599
I107  dm0759+15  075941.16+154342.5  0.0364100  0.0000060       21.025        1.536      224.330        3.321       77.213        3.098      163.615        4.074        8.290
I108  dm0759+15  075937.01+154405.1  0.0363309  0.0000073       59.099        1.961      355.522        4.590      111.064        3.266      161.049        3.906        8.628
I109  dm0346+00  034611.68+002350.6  0.0303486  0.0000120       71.775        2.230      210.777        3.440       61.544        2.879       24.539        2.676        8.916
I110  dm0346+00  034606.86+002324.9  0.0308886  0.0000076       37.684        1.692      250.467        3.574       82.804        2.914      137.207        3.724        8.514
I111  dm1447+17  144751.43+172337.1  0.0209884  0.0000059       53.795        1.740      610.155        6.521      203.033        3.596      467.678        6.158        8.281
I112  dm1447+17  144758.95+172411.2  0.0206324  0.0000064       58.421        1.713      318.564        3.774       89.468        2.621       99.078        3.088        8.563
I113  dm0833+22  083351.32+221021.3  0.0246953  0.0000067       40.443        1.835      361.018        4.379       99.781        3.012      246.057        4.545        8.460
I114  dm0833+22  083344.64+220955.4  0.0249560  0.0000098       64.854        2.043      235.644        3.406       65.125        2.559       28.607        2.284        8.817
I115  dm0052+00  005257.79+002207.5  0.0341113  0.0000064      584.761        6.587     3803.043       27.529     1062.583       11.811     3051.820       24.363        8.748
I116  dm0052+00  005257.20+002317.4  0.0346260  0.0000099       61.256        1.041      189.821        1.486       55.823        1.273       22.197        1.142        8.887
I117  dm0815+42  081601.38+421324.4  0.0435744  0.0000094       30.238        1.641      139.461        2.051       43.037        2.067       30.396        1.809        8.689
I118  dm0815+42  081556.42+421341.4  0.0437195  0.0000067       75.331        1.950      395.421        3.792      119.401        2.658      144.107        2.924        8.711
I119  dm1314+35  131432.94+352305.3  0.0078798  0.0000068       67.808        1.464     1477.690       16.726      421.694        7.166     2042.821       26.440        8.230
I120  dm1314+35  131410.28+352515.9  0.0078085  0.0000089       -0.973        1.141       65.171        1.981       20.200        2.166       73.895        3.044      -99.900
